13,
12,
18,
21,
19,
21,
15,
16,
15,
11,
20,
21,
19,
15,
26,
25,
16,
16,
18,
16,
13,
14,
14,
14,
28,
19,
18,
15,
15,
16,
15,
16,
14,
17,
16,
15,
18,
21,
20,
13,
23,
20,
23,
18,
19,
25,
26,
18,
16,
16,
15,
22,
22,
24,
23,
29,
25,
20,
18,
19,
18,
27,
13,
17,
13,
13,
13,
30,
26,
18,
17,
16,
15,
18,
21,
19,
19,
16,
16,
16,
16,
25,
26,
31,
34,
36,
20,
19,
20,
19,
21,
20,
25,
21,
19,
21,
21,
19,
18,
19,
18,
18,
18,
30,
31,
23,
24,
22,
20,
22,
20,
21,
17,
18,
17,
18,
17,
16,
19,
19,
36,
27,
23,
24,
34,
35,
28,
29,
27,
34,
32,
28,
26,
24,
19,
28,
24,
27,
27,
26,
24,
30,
39,
35,
34,
30,
22,
27,
20,
18,
28,
27,
34,
31,
29,
27,
24,
23,
38,
36,
25,
38,
26,
22,
36,
27,
27,
32,
28,
31,
